8283,4,1.3332134680371333,1
732,19,0.5690937350734286,2
1493,15,1.4218328969651937,3
2459,15,0.2040632642203184,2
7879,2,1.087332097384864,2
8116,21,1.3974902467650705,3
1836,12,1.2414631806298373,2
1124,9,0.16027743916838966,3
268,24,0.28186914571027266,3
7755,22,0.7640480877597398,2
9619,21,1.69475369381783,1
4727,15,1.8726449139372412,2
5714,10,0.569990252948182,2
612,16,1.4288268372298514,1
2904,22,1.3507430858065133,2
7964,4,0.35311915976604813,3
8616,11,0.573372823536646,2
6669,3,0.6747509397555373,1
9027,20,0.893997636137519,2
4521,18,0.9631371778216615,1
8130,2,0.775204337897405,1
8365,16,1.248279395053787,3
8017,1,1.8231946133769217,2
848,18,1.6418821273154063,2
1967,21,1.8659272373571092,2
6674,13,0.6403825640541307,1
6555,4,1.5906991663145533,2
1313,25,0.6634783625897824,3
6319,25,1.5978339949120506,3
3336,6,0.0891233820027224,1
5815,6,1.7533355933008878,3
2896,10,0.7748634723934824,2
3233,19,0.5735906765354823,2
1165,13,0.9042430024634274,1
7155,16,0.5431351587288948,1
6334,8,1.138392136093246,1
721,2,0.841432436915579,1
5103,18,1.2363866632982898,3
7614,17,1.41538629371598,2
4862,3,1.099897012238499,1
2598,7,1.7299753673447902,3
5835,24,0.925242323600743,2
2145,7,0.3192603157251277,1
8241,25,0.9205065760880464,1
7154,15,0.5428975726144512,1
8176,20,1.4129529646440377,3
3138,10,0.5555913253537845,2
2223,2,0.2348617575775822,3
1814,16,1.384185438521761,1
8097,19,0.017330563905908036,3
6331,7,1.4449881050164177,1
5890,15,1.950382568612254,2
8289,20,0.4465510950682623,1
8631,8,1.356031074807478,2
8665,14,0.3726939880028417,2
9181,1,0.2902053125169042,1
1267,17,1.4115461333894785,2
7018,11,0.6030401835977559,3
3508,14,1.0492402707273396,3
1467,16,1.8225905335139514,1
5809,5,1.7949895468133226,3
4793,18,0.2837495486995387,2
4261,18,0.7591296153101572,3
3094,22,0.7643589238102013,3
1602,1,0.5771422216541515,1
5042,25,0.050261570063082184,3
4078,14,0.5557589775774059,2
2425,18,0.5952314159325571,1
5479,12,0.4960370514826813,3
5364,1,1.8839418403635906,1
8236,22,0.6675414031142901,1
7155,22,0.3790648944019277,1
17,13,0.7439431223987791,2
774,1,0.7427084464384397,1
9934,2,1.232381431404474,1
4272,6,0.44447495097633527,3
8329,25,1.9415037366438215,1
4481,6,1.2602621407307435,1
4883,2,0.2433562366891595,2
1242,14,1.3920562630590374,2
5528,11,1.1594772683047656,1
8431,13,0.9480410897682228,1
7444,23,0.3644361747535485,2
4510,6,1.8681387740361854,2
6663,23,1.3905272812978815,2
5292,12,0.636023204116074,1
3966,3,0.6531183483567811,3
4004,17,1.239223835560654,1
4412,1,0.7255895541316602,3
2230,8,0.7425830640563644,1
9829,2,0.08830079279827419,1
5017,2,1.1195407601541436,3
6638,12,0.9323645112900456,1
8197,17,1.6968376453618605,3
8418,14,1.853018365270805,3
8683,16,1.6321651120841907,3
7468,11,0.2395308693149809,2
7816,11,0.9761280875558034,3
8559,5,0.04850716874279537,3
4618,14,0.7900586438572488,2
9221,8,0.9138431844574568,3
9804,22,1.4175210823072517,3
429,17,0.6051716626216719,1
4826,3,1.8078743538634048,2
1618,4,0.969043999112877,3
6368,11,0.462631403182028,1
9285,19,1.7305877606909688,3
4729,1,0.915373484147807,3
5478,22,1.146992530836741,3
6381,16,1.149334044515811,2
5590,21,0.4122487257065679,1
4281,22,0.8859925726109601,2
9486,24,0.3115299289760516,2
1569,17,1.0612499615676187,3
1954,7,1.5210891305104226,2
3298,21,1.72369899921938,1
4912,23,0.23747591338431118,2
4763,23,1.7917123979633567,2
4701,16,1.8193487349030064,2
7300,24,1.044741022388571,1
7699,5,1.4335603172099747,1
826,7,0.2779387716996482,1
1645,12,0.13296618615050249,2
2248,20,1.179091521946049,1
3833,14,1.7375213340281739,1
3445,17,0.9825672931749834,2
5012,11,1.9714059198787655,2
1578,1,1.267885109580391,1
7814,25,1.8439453206005432,2
1720,7,0.8241335336538818,2
834,7,0.4180598470046799,2
8007,21,1.8541488558450487,3
7015,23,1.0239009221172521,1
1754,8,0.6829070220219904,1
5525,9,0.2755985793850384,2
2058,18,0.2766959204602546,1
5406,6,0.35377277392422046,1
8968,16,1.551925553112609,3
6153,20,1.3548758110769512,1
378,14,1.5398771585997904,1
3367,14,0.010690193901814693,2
2347,3,1.4362940909729731,1
4849,14,0.5566229322040903,3
7940,23,0.8664337433252478,3
7152,14,1.6526426841480863,2
3203,14,0.5319559113148238,3
8582,18,0.8649320837833225,3
2146,3,1.9998812564315536,2
5156,9,1.5196884791533063,3
2512,1,1.7707142273639584,1
7096,5,1.6715102567696372,1
2793,21,1.0709863583995856,1
5509,20,1.6446046290920686,3
6054,15,0.42853949803526015,3
1834,2,0.13571877856000714,3
1329,6,0.7000646646997037,2
2904,3,0.42066366657549614,2
2322,10,0.8427937087951125,2
7464,9,1.5935502571379163,2
6628,5,1.0451135711725292,2
4223,6,0.04489905474199185,2
6323,9,0.9375670979890358,1
6141,7,1.384678362798599,2
4957,16,1.0351206513110547,2
2950,12,0.8829518777372294,2
9584,23,0.5970003085141242,3
7556,21,0.7751925411194607,3
6974,3,1.4202067766742885,2
7486,7,1.8700543405611578,3
2903,5,1.9315835128955385,2
6865,25,1.2838023479816345,1
7591,24,0.6841514424705217,3
9052,2,1.4777824457571356,3
8936,22,0.975529609180823,2
543,2,0.8338270135488282,3
9527,9,0.6750324162727004,1
1357,7,1.0545696301846847,1
1914,13,1.5141848345615783,2
4810,20,0.6697302491626398,2
240,14,0.01179259878891381,3
6767,13,0.013026748311833813,2
6593,7,0.2955476922322362,2
6333,24,1.3688911392856489,1
1435,15,1.1589692634269317,1
5362,12,0.7083223339533042,3
289,9,1.457156792237047,2
5030,7,0.8494229003423723,3
3888,18,0.44796011551672543,3
5013,5,0.20958757740256528,1
2386,11,1.2899838729830795,2
2270,3,1.1063482807164564,2
1739,10,0.6357303771901073,3
7453,13,0.23711779844571268,1
9762,6,1.3652858783352386,3
7904,12,1.888119219461224,3
7700,24,0.9273733621088633,2
3693,19,0.5981013754796207,1
646,15,0.7857659647818502,2
3198,21,1.1098283295601246,1
9797,5,1.4725490856616914,2
9442,23,0.10880488665100674,2
8087,25,0.7222833530897304,2
2636,21,0.7199459266780746,2
8587,16,1.39562823442508,1
4917,15,0.7591419170055733,3
3763,14,0.7453800452015842,1
4256,6,1.1643614530914181,1
844,7,0.9797784162297112,2
8013,24,1.5936866008791328,2
7204,19,0.22841367464948004,1
4074,20,1.687580532919784,1
2157,20,0.4076044968511101,3
2385,1,1.138323406904317,1
8233,16,0.20363996616782076,2
8076,24,1.6802386797792574,3
1720,5,0.5710212630563001,2
7855,2,1.4057540402790558,2
141,13,0.3727093532422845,3
2278,3,0.8071248732415228,1
1136,2,0.7088679211011217,3
5900,15,1.9452375568696822,3
5337,4,0.3027180570987238,2
5046,16,0.7574073450969112,2
2696,10,0.9219204994611605,2
7185,11,1.0055067958456863,3
2886,2,1.3924607067402957,2
8114,5,1.9152508402863044,2
776,5,0.5145629895819879,3
9919,18,0.5015496917261268,1
3684,23,1.5815729137940506,3
3441,21,0.07443543134506747,2
6580,15,1.1187119769751457,1
9103,25,1.7375213215694256,3
9873,6,1.2720684075390691,2
5971,3,0.23280436408374516,3
2494,17,0.4718847701208575,3
4339,3,0.11812283869037232,3
3892,13,0.26256760695583514,3
6928,19,0.4439885038417253,3
4837,17,0.5223128183174346,1
4358,9,1.2362477220423678,2
4084,25,1.2484542120550581,2
9496,4,1.5745475382461798,3
550,23,0.6694819686346565,2
9986,11,1.944467956776113,2
663,17,0.7812789504893984,3
3065,8,1.8546571482226784,1
7524,13,1.2818786783858993,2
3664,10,1.6595173824854248,3
9738,24,0.23556252500592456,2
5386,5,0.7942642547824819,2
5083,8,0.5999690740365271,1
6084,13,1.670783470526931,1
1787,24,0.8166063827235954,1
1832,24,0.16357688846705898,3
9253,15,1.9272763562112458,2
274,16,1.2749900366215607,2
4208,1,1.3270909792785042,2
6313,21,1.5937478392924607,1
5483,20,0.8575645784972323,1
6976,23,1.0441491239554277,1
4417,11,1.6122742052006598,3
8278,4,1.0392717117396935,1
9117,3,0.839000539994619,3
1679,10,0.8940122457656863,2
7717,9,1.196388812457878,2
5104,16,1.069249507768286,2
8692,17,1.9305482983796065,2
1600,21,1.9132874802932087,1
750,2,1.9826718408143111,3
2329,4,1.9856173238027812,2
6375,15,1.0566007947294789,3
6021,6,0.9603649623934682,3
1518,25,1.1166002295335526,3
8578,21,0.6597948105887532,1
720,17,1.1425203233294434,3
7950,3,0.5049043459038818,3
8727,23,0.12156331058064063,3
8747,23,1.2251097856453361,3
9018,22,0.8269086468243516,3
6190,8,1.1345216808730285,3
7219,4,1.5399508905343975,1
4309,15,1.0754859126479883,2
7800,8,1.541445518059242,1
3178,14,0.6216616069344276,1
3992,7,0.10978289169786404,2
4723,21,1.2600343704084813,2
77,21,1.416352464753704,3
6429,24,0.3225386878312724,2
2339,19,1.3167806422922599,2
6454,18,1.1131986019273747,2
9718,22,1.5536655606031333,3
5252,5,0.002145718995331114,3
3010,4,1.9935645912260311,2
4172,4,1.274041798815126,1
2247,6,0.7136229200226039,3
1119,23,1.170591871906844,2
6570,23,0.8067813663611778,3
7065,24,1.1484128652522694,2
5272,14,0.44312413315642885,1
6286,17,1.3336006070203827,1
9417,23,1.7665215236226892,1
9432,8,1.0690261831809322,1
9996,13,1.006572323341245,2
3756,11,1.863482627156143,1
3486,2,0.8545989682275603,1
2989,20,0.7054817013051964,3
6734,25,0.055661406021488835,3
1499,22,1.5453821472350424,2
7694,7,0.18490783091019747,3
2160,4,1.1675428758723516,3
6245,20,1.3211818738282046,1
9027,10,1.0698262049816636,3
3935,7,1.9701922390248976,3
8510,1,0.17285873313418332,2
2492,23,1.6047244048877392,3
7620,24,0.7556504661029231,1
63,24,1.020039897236126,3
8036,16,1.1472021922012476,2
4242,17,1.0154275333238827,3
4257,18,1.2805934141470727,2
282,24,1.1739248303112508,3
575,2,1.1788747508067996,2
7010,24,0.1006714373882398,1
407,17,1.0711901528404757,3
8929,15,1.8306739436605062,1
4866,10,0.92546136538131,1
1452,21,0.2441042098755719,3
3072,5,0.9097089303526622,2
8543,19,1.6583234129468054,1
1049,3,0.09199791531079216,3
4120,18,1.9107479118006963,3
2620,16,1.032160156709112,2
521,25,1.2538968444984717,1
4025,11,0.8349575297626142,2
488,2,1.1072657048315546,2
8368,9,0.7766451548283457,1
9082,12,1.0659983289353063,1
7821,22,1.5580693572508895,3
4973,19,1.3103428316360222,1
4736,15,1.9546598665567967,1
359,6,1.5511983559786422,2
2556,5,0.9796019541803205,2
1906,5,0.4868361459710824,1
2388,9,0.23113038196045,1
5171,8,0.17271277044162536,2
4344,14,0.0008325041987635728,3
5143,10,0.7092886685680051,3
8206,5,1.812525210992997,3
5150,23,1.7321066481576795,1
8778,2,0.9640695787467572,1
3488,7,1.6561327885171875,1
4531,18,1.8396702950950385,2
3952,11,0.23375286179953658,2
4442,3,1.221613965550348,3
986,3,1.748561048240241,2
8572,20,1.6072900442817823,1
6302,21,1.6524078645403164,1
3805,24,1.2047122560040049,2
770,14,0.005587618999597366,3
1311,6,0.3366274253039716,2
7337,7,1.9059153290427608,1
6375,25,1.872067057202179,3
1530,23,0.9084977354873562,2
5121,3,1.8557318556951332,3
7008,1,1.6390059846756184,1
2170,14,0.8352187723906108,1
7620,9,1.023342222049462,2
5053,25,0.1516161281742463,1
947,6,0.32409557998597904,2
6224,7,0.9433330165448202,3
7179,14,1.3880807285447472,1
1022,20,1.1999996569027827,1
5719,20,0.21129996709235876,2
8525,16,1.6793912519720686,2
2066,3,0.5209628661071068,1
8405,18,1.7210699239021463,1
3544,14,0.8191097424164915,1
3599,17,0.6088008418919746,1
7627,6,1.3104211960820278,3
6720,7,1.4107990633285943,3
7805,2,0.9716165594285953,3
8761,1,1.4076795625213798,1
3581,14,0.7681430744406539,1
9468,9,0.581442791245405,3
5388,23,0.3426999504997854,3
7297,9,1.107855591373884,1
2666,2,0.028725215420041028,3
6267,15,1.3663873868387233,3
4405,17,1.153393342961984,1
6642,10,0.5821062524938223,3
1564,24,0.07021789912158871,2
668,6,1.0052671087606286,1
669,17,1.9220238007709407,1
7299,17,1.988297581940436,2
3957,21,1.5205999537801973,1
5481,4,0.32581555223827063,1
310,16,1.5785504380656754,2
1727,20,0.7727968049432874,1
3059,14,1.9591986161272024,2
1095,20,1.7730877735896555,1
859,6,0.8164726477101498,2
5804,7,1.3348332162002832,3
4835,5,1.8613703006407551,3
370,16,1.5541650944444239,1
6636,20,1.3453217433615148,3
5476,20,1.0527443800426908,2
6972,18,1.6344553282520184,2
7310,19,0.6178280871708588,1
359,23,0.2119051705375865,1
6145,8,0.5901506895641728,3
5657,10,0.8648847317013308,1
8646,7,1.3455633131445588,3
8352,22,0.16302580229286057,2
8446,17,0.8961877973864463,1
100,8,1.3942296788493416,1
4894,15,1.5787723080710843,2
5323,24,0.20076278894003852,1
9044,23,0.6673224196177299,1
4634,14,1.6028334964955002,3
5402,13,0.3751234146393603,2
9156,6,1.6988341899620993,3
8668,19,0.681064744539154,2
7102,24,0.752858503922688,2
7640,16,0.9017846271215884,2
8497,5,1.428320743256452,2
425,21,1.0377623516954595,3
8016,7,0.8949336208282941,2
5216,13,0.42648671767580115,1
5709,11,0.8081491609736915,3
7952,5,1.33988063590989,2
1031,4,0.09705547204858878,3
8166,16,0.9790247816395583,3
1591,15,0.5943820323320224,1
4951,17,1.1752191683210924,2
9829,6,0.48871738885588756,2
6377,4,1.5362962091278152,3
5943,4,1.5249931102420988,1
8863,12,1.6372468335902215,3
8846,21,1.2586353818991833,3
9433,17,0.4711464821996556,2
2385,1,0.5476404279066094,3
7907,5,0.06149043013982669,3
6164,2,0.9307625255863816,3
2760,16,1.045028094903897,2
6796,13,0.7735292864538532,3
1183,9,0.23889711360268162,1
6420,19,1.395192825119491,1
52,4,0.8251266895170466,2
796,7,0.0805372719183115,1
3233,4,0.5505779976385814,2
6943,8,1.0935339818887615,2
6913,24,0.5413161149501864,3
9973,13,1.2719046036792485,1
3447,16,0.08093717168985992,2
2341,8,1.8352371651108137,3
4796,20,0.797277379525202,2
2869,10,0.9544490159083254,1
6224,25,0.08085985737177581,1
6270,25,0.5191073800890811,3
4588,4,0.19461163909839074,1
3716,2,1.246695750317025,1
5798,24,0.793718889167589,1
500,17,1.2022702538847545,3
8,20,0.4722882256133214,2
200,25,1.9514696197755697,2
6476,7,1.7217969461751583,3
9394,4,1.4145109354787402,3
2485,25,0.4243096641707964,2
2830,25,1.8348573597894702,1
8912,16,0.12273974993603765,1
3174,14,1.0830266102162804,3
9395,7,0.04636775521538916,3
3453,8,1.97751949162736,3
210,7,0.8873214668278682,1
821,14,1.9403489776511222,3
2674,3,1.1291899303953907,1
9127,18,1.619037045581698,2
9359,11,1.0767994248529829,2
1720,17,1.557117830980366,3
8671,7,0.9413260721975774,1
1718,15,1.4868624630409741,3
9126,8,0.19879588689716332,2
9015,3,1.4961055788714552,2
6916,22,1.4437943369842883,1
2239,9,1.023700751526544,3
3302,11,1.6411363371993632,2
2269,1,1.3417332599360385,1
6346,1,1.2490754342691173,2
5831,5,0.5119242119037892,1
544,17,1.2857980432396598,2
6918,13,1.3793037684938374,3
3803,12,0.5078266956395334,3
4534,9,0.5443119645647472,1
8720,18,1.8822122999404325,2
1091,4,1.3645974482565315,3
3092,21,0.3832013341539642,2
2160,20,1.7356821445233492,3
7154,8,0.4648706819774382,2
1325,22,0.9663511215004092,3
649,12,0.0733648533494966,2
7624,24,0.36772674283571827,2
1702,23,1.0361748090482001,1
6262,3,0.24008687399105644,1
7463,3,0.5456521491223585,1
8764,17,0.8783156574714197,2
1218,12,1.4372643406471304,1
9341,6,1.8790434700121401,3
3053,11,1.2192921172804092,3
387,4,1.0080546300731963,3
6682,20,0.642593269909201,1
3634,23,1.8286357815324559,2
5123,21,0.4103001004272411,3
4627,13,1.011391491196564,1
810,2,1.9101416587291735,1
5335,2,0.3728016545363586,2
1288,16,0.15529856911322026,3
6595,2,1.3608779531313373,1
9658,10,0.6192990605789144,2
9119,4,0.21218637056757528,3
1516,25,0.14854799385384476,1
4404,13,0.8019936152191545,1
2694,6,0.6838324573522336,1
3647,22,0.043457863639736694,3
558,4,0.8441447095638452,3
6960,9,1.1770797716546508,2
5482,23,0.7255614820952592,1
3904,11,0.9818511785347666,3
9814,16,1.8270183688826493,2
2351,23,0.40605161327835226,1
9150,25,1.0014279498848953,2
8304,1,0.6044442026704675,2
490,17,1.6503204150191177,1
9402,3,0.9474107132189493,3
5091,2,1.9747634971593597,3
6678,15,1.490579212444465,1
1048,4,0.20948136238145398,1
9474,5,1.4303208810482304,2
363,7,0.38383018078358,1
4601,5,1.0238247195400114,2
2390,15,1.3828987003633666,2
2442,13,0.927840966915163,2
6979,22,1.5513335425063317,3
2976,23,0.28533248224797614,2
7434,25,1.514471014554239,1
1383,16,1.8581716464506035,3
1813,1,1.6633239501041246,2
1188,10,0.5998310184031741,1
4843,13,1.4577836205934276,2
3609,9,0.9022010462910406,1
6935,4,0.7263136370289263,2
7049,22,0.8732839330918118,2
2156,20,1.9563896572852015,2
8840,18,0.02070352444369461,1
5555,11,1.5735486218254666,2
5342,7,1.8430473383320791,2
3089,23,0.345444546802129,1
8198,19,0.7704486723000845,3
2754,4,0.33157323060709,3
7860,19,1.2939803406112524,2
9938,18,0.6663847968628811,2
8245,3,1.0111078485978158,1
5539,4,1.0586335371043045,1
2615,16,1.7049818816491924,1
57,11,1.0243061213181166,1
4072,9,0.8403199398897734,3
7784,10,1.3500678089433635,1
7940,1,1.3001915870944052,3
9621,1,0.1924135243157714,2
2385,23,0.3963154068129142,1
3539,2,1.302472248912452,2
4716,20,1.7203116941982306,2
2992,1,1.9053999868082696,3
2267,6,0.2021026706847373,2
7891,5,0.11157651470726249,3
2266,21,1.7051899523845084,3
3999,2,0.34347080070555247,2
6361,23,0.23421681463703425,3
1633,14,1.3853686207414881,1
1793,15,0.8716638335126168,3
649,14,0.07930761388043628,1
9345,1,0.17068363746585313,3
6778,6,1.8264730066595793,2
8516,17,0.5800124080527918,1
5388,23,1.5015326798044537,1
3077,2,0.30879898010218887,1
6071,2,0.6083715201935835,1
1067,14,1.0648854775086205,1
2375,17,1.498164121740669,1
1742,22,1.0863545522282985,3
7394,20,0.4193872830272527,1
731,18,1.4158125586729573,1
918,13,1.7913635722458072,2
8347,22,1.0978014030980165,3
695,1,0.09378391661460284,1
53,14,1.5075410396426605,1
1301,12,0.8807600199484336,1
4265,5,0.9387385293842101,3
4283,20,0.6138442587305806,3
3632,4,1.4527020799247958,1
8071,24,0.15827816237890335,2
7788,18,0.8453439803408014,3
9799,7,1.6669831741968393,2
9198,2,1.5334743532352364,1
3953,14,1.0339538697893085,3
7287,22,1.2095906471354438,1
6724,2,0.9535620153526763,3
3099,13,1.3803324195104514,1
1714,3,1.722224809062214,3
5269,19,0.604846195940731,2
4111,22,0.9748639290312493,2
197,15,1.7113518608373681,1
8998,10,0.709118266898668,2
8606,14,1.59588510057637,2
8209,14,1.8318687640642275,3
9108,19,1.8169818490585372,2
6112,8,1.0290670463702212,2
4359,17,0.5783892337647039,3
6317,11,1.5545565170948117,3
9631,19,1.824289604789122,1
6564,17,1.675662451720655,2
7183,10,1.270841551387325,1
3143,21,1.4403854820772837,1
7388,18,0.41210177017856187,2
8522,8,0.11251756514816424,3
9857,7,0.5139991103962951,2
6454,24,0.19985022600058389,3
7590,24,1.9449429837190253,3
1373,4,0.019257113035317186,1
3474,15,0.9174228662578188,2
3012,25,1.0971470482944183,1
276,10,1.5648202483964433,3
8276,8,1.3756985678872824,2
7195,25,1.4043577896472546,1
1727,11,1.9513629083736581,2
6707,22,0.8914322891046336,2
4659,6,0.5610239604093588,3
4017,8,1.9815061598807655,2
7514,22,1.5540047101827101,2
9300,11,1.8603488610693093,2
9203,19,0.5769879319679758,1
431,12,1.9610063209548747,3
8656,18,0.15525694024551107,1
3113,13,1.4330884933065906,3
4256,12,1.130037661626396,1
7925,6,1.065506172185522,1
8300,12,0.8619382231138362,1
2091,1,1.9065860145894777,2
3795,24,0.7310437096995057,3
7330,8,0.8032552362018437,1
460,17,0.3474383287936662,3
1382,11,0.08191180274995236,1
1012,7,1.7163585185579902,1
1766,22,1.0524909748596345,1
3473,6,1.019338932936742,3
2382,18,0.2967257187885677,1
8056,21,1.1549707681694616,3
5680,9,1.2361618568207087,2
1411,20,1.6105838247285587,1
1519,8,1.0224393642235228,1
933,14,0.3263180598516726,2
2028,23,0.5434127838654907,1
5270,25,0.6274219535031482,2
8495,4,0.7011173197967708,1
4835,11,1.0156481975375427,1
9131,4,1.6181204243469476,3
513,15,0.9593541372605772,3
6322,15,0.7405017159506551,2
7223,2,1.974901374186624,2
6303,23,1.8419698946724945,3
379,7,1.847153019282183,3
9263,15,1.9045452533842995,3
5180,19,1.0413431021733113,2
9573,23,1.9647939864021626,1
8525,15,0.712756634927658,1
293,1,1.6774953699914903,2
337,21,0.8684053972084347,2
9985,18,1.7602728703856703,3
9185,20,1.043293125669684,3
6769,15,0.7636445653629427,3
9997,24,1.3424275655959266,3
3855,12,1.4730266492885842,2
1788,22,0.3299426617736898,2
9233,5,0.26207194452571625,1
6771,17,1.4270582537715646,3
1475,24,1.575500968156021,1
8139,10,1.6459723690127526,2
3562,3,1.0918959733240643,3
6781,11,1.8094211214322533,2
627,10,0.03927855838175587,1
8019,5,1.1578289990286066,2
2680,20,1.5060095197665726,1
4057,2,1.1107212446456656,2
9251,20,0.8011979800432356,2
6631,25,1.687684556260978,1
9489,5,0.19216871138086367,2
675,14,0.6806607253700683,1
5288,23,1.3419975526829164,2
9505,9,1.650519808259059,3
6926,18,1.9915551604861217,2
3285,22,0.9062560748239472,1
4524,7,0.3964253048181645,1
6682,13,1.788426182128615,2
2499,18,0.8236939699582309,1
2524,2,0.2407245196288219,2
1786,15,1.5420948940675574,2
1260,9,0.9963052436025277,3
6486,9,0.15436773801937442,1
3306,7,1.1760550156586127,1
4008,22,0.6243320305086235,3
3696,19,0.40693885833855004,3
3014,24,0.08450723001947358,3
2331,5,0.7022354073927239,3
6185,13,0.47000861377794667,2
1285,14,0.1258172614130113,2
4878,19,1.3460994321210336,3
8146,19,0.1701612410886819,1
6859,19,0.881674019798582,1
7612,19,0.5734502373871557,2
5576,24,0.7172160688896876,3
6855,16,1.7854944138255298,3
9923,17,1.7746906641984965,1
5018,20,0.8506248835705481,2
7792,9,0.20153266229503997,3
1808,20,1.2080286993555072,1
609,21,1.0122683247327329,1
2959,21,0.9305353092228401,3
1377,19,1.6575506617686553,2
8522,11,1.8639044414276225,1
2339,7,1.561826048344946,2
6912,9,1.2345683157357952,1
2071,3,1.3422962314867641,3
5137,10,1.4112079744806472,3
3662,10,0.965706098652205,3
3504,1,0.13959159682950406,3
5320,6,1.8996173401832461,3
7629,14,0.9656560792452991,1
2254,1,1.9384352862200689,1
3894,21,0.411894849966435,1
3508,3,1.4089821777411808,3
7684,9,1.7234673406107444,3
3859,8,0.36419703506973145,1
1626,12,0.4328329420769397,2
6701,8,1.281846415559346,1
6788,4,0.8559272657515891,1
2963,17,1.2699824092348628,3
6108,25,1.0011365626920212,1
9736,18,1.0314039217353161,2
9551,5,1.912081450616009,2
4727,15,1.0661623385178205,2
8652,13,0.05072720656506147,1
7895,3,0.7772772950790421,1
958,4,0.3286389268406118,2
3363,23,1.6421179026157635,3
2509,21,0.68118072268214,3
2759,1,0.5343560596473209,3
9032,5,0.6898547029240416,1
8939,5,1.3166758824056466,1
607,12,1.605272945064634,3
8734,14,1.8952300732664284,3
7399,23,0.6398548170916214,3
2113,22,0.3988416200290441,1
2377,22,0.8632290551539785,2
4339,13,1.5657198124307268,2
7216,24,0.6616158125811051,2
9794,1,0.326608325874725,1
2896,4,0.11829674064359308,3
1572,12,1.4090283337441636,1
2597,5,1.7093322103178559,1
9337,21,1.1696755364331182,3
8007,9,1.5064261763257405,1
4585,24,0.5076005808356134,2
3450,18,1.709968237824821,3
5672,20,0.6539791293982167,3
6544,11,1.0866484809834618,1
1605,14,0.7821091907445492,1
7459,1,0.9791158107367395,1
4861,23,1.7168340738228882,2
9589,23,0.30593731195507345,2
1900,1,1.1998382737396456,2
6386,25,1.4189819089310292,2
7922,18,1.3133823021467645,3
3171,4,0.7302514984456128,1
2005,9,1.2498054182292764,3
3400,23,0.9856934011143352,1
3977,20,0.01625746203217071,2
2843,21,0.22070977172139972,2
2989,8,1.0626041465064435,1
2674,17,1.9188063400453188,2
2810,4,1.1128915528206882,1
4036,24,0.23502558298160015,1
840,4,0.5078595178495189,2
7175,11,0.8431550800558663,2
5596,23,1.5018480875257618,2
7591,9,1.972015699867953,2
7981,7,1.9799252784186134,1
3914,23,0.32200157115825667,3
9215,24,1.4829526026554112,2
4946,8,0.9500408702688639,2
1899,19,0.03725655008579265,2
4076,1,0.4965625859020777,3
9946,22,0.17401184584161555,3
6451,4,1.6730341135328097,2
3515,3,0.8069003040485248,1
8206,20,0.851857126484014,3
5416,12,0.4833650650710746,1
6314,20,0.16080236623948663,2
5183,3,0.7166674073887396,3
9231,1,1.8720583347492652,3
5937,12,1.856462688231094,3
4736,3,0.6140301832308057,3
3393,4,1.8160954187162663,2
3086,12,0.5520883292119729,1
2770,16,1.1354653610236116,2
6997,16,1.404851582527456,3
4502,13,1.622498355655478,3
3721,13,1.859194341723957,3
1818,25,0.9834576575709151,2
3672,2,0.7505187419492352,2
5644,6,0.21945818538051598,1
6035,4,0.8642158397583894,2
5630,9,0.14803796647173617,3
6876,16,1.192093275152634,1
2637,18,0.7561821958917232,3
1055,16,1.4263109018249118,2
6975,19,0.022116301724745657,3
150,14,1.6994751200074905,1
534,8,0.4346079223496344,3
7561,4,0.5470328158995563,2
2874,18,0.3027032716395257,1
6900,16,1.7379676386365277,3
7594,7,1.294089223959486,1
7002,13,0.5187263610456607,3
9930,18,0.8351500551985152,1
1083,18,1.9776752141582745,3
7154,23,0.7715454095205665,3
7563,23,1.1931095078422362,1
3079,4,1.4240692922430247,3
3138,25,1.273099717382256,3
2476,4,0.672976579794337,1
8474,10,1.196430025327679,2
1553,16,1.232492727192063,2
3247,21,1.5022579624513765,3
1796,2,0.9120834009014194,2
2329,8,1.443561195394114,1
1769,12,1.21515463768388,3
6494,13,0.3758737553168672,2
1574,11,0.9421315599113202,2
9498,15,0.2855012922719127,3
94,6,1.2606501323251842,3
9374,12,1.3525532669779239,3
442,3,1.0943906895093918,3
2425,24,1.685770941006993,1
8826,13,0.3536650170328719,3
4177,18,1.3773439450268758,2
8535,1,1.818831199179653,3
9760,25,0.5092570791631037,3
1275,20,1.0917612700512154,3
809,19,0.44838385134685255,3
6741,20,0.3374251332646736,1
6292,8,1.0959699555590632,3
5994,6,1.550649365326209,1
7996,9,0.5550819785970484,1
4344,25,1.3209938494487439,1
9877,15,0.909285079275717,2
6871,22,0.8633222392715754,2
4268,19,0.883030751026878,2
9187,23,1.1331514147131596,3
2742,11,0.8645428140320166,3
4306,20,0.734354725310794,3
6663,6,0.6872114973947618,3
4951,6,0.720494262878342,1
1367,2,0.46397894100620096,3
7968,3,1.7214626414967384,1
7170,8,0.9624471335001981,2
5471,13,0.9295017320096839,1
6963,3,1.6609616724926015,1
6834,25,0.5206504808252579,1
3446,16,1.635611147082942,3
6815,16,1.6563341214536607,3
1427,3,0.28297079583574236,1
1842,9,0.9370461549492479,2
3619,18,1.4060013261031885,3
6588,15,1.2523568082440368,2
8827,10,1.640648067142506,3
5713,20,0.8760828661171738,2
5539,8,0.1068962339754953,3
9869,9,0.6345324227833737,1
8955,5,0.9718983492439663,3
1116,18,1.6230361058820266,1
7757,1,0.9613515468248157,1
5790,25,1.9886940751973636,2
4596,10,0.5930996612982393,1
560,25,1.3386470301193025,1
1361,13,0.6983953102175104,3
6385,6,0.615185130056477,3
4361,4,0.17057911101395762,1
1034,21,1.7753000441088866,1
5527,23,0.180972712729061,2
4127,8,0.04227985511523635,3
9430,4,0.7964307551452814,2
1024,4,1.182141422644998,2
4643,15,1.9686393714085266,3
7542,17,0.763566094446241,3
2035,8,0.7593204480056159,2
3688,11,0.9380203814642532,2
6681,9,0.6050456003825677,1
9895,3,1.0203011982376475,2
6990,23,1.6909642152495317,3
9108,10,1.799901780051386,1
8599,23,0.9569746269341228,3
357,22,1.7079300596909939,2
7255,9,0.9815417921836453,1
6136,4,1.745193356224631,2
3974,21,0.24606904307827215,2
4542,15,1.5304762311335893,3
8352,16,0.09274510650980128,1
1481,16,0.29148206880797534,3
2834,16,1.21149915465641,3
7158,3,1.969075735287762,2
2276,16,1.7579772494862236,2
948,3,0.029628027096480603,1
4132,25,1.4653590001758219,3
1310,11,0.41953579376514716,1
6985,19,1.3448599110728439,1
4917,20,1.9208055810173073,3
6201,23,0.7097116231098859,3
2999,22,0.607823048322339,1
6854,7,0.2232224225066637,3
5737,3,0.8133121797406839,2
7326,10,1.9514527334885245,1
626,9,1.0066688000212196,3
2740,12,0.1610881071748358,3
5120,10,1.955192194994946,1
9526,20,1.9490787068426825,2
7451,12,1.2295775798193027,3
5182,23,1.2269865656521801,2
3674,23,0.6875637692053211,2
3742,3,1.3029118012397167,1
2754,15,1.5503033309758232,2
2357,3,0.11448045782702332,2
179,19,1.454276195766767,3
855,7,0.41836223820042107,3
6977,14,1.9862600587696355,1
1864,11,1.1739928501950685,2
8605,4,0.2762687735620146,2
4798,13,1.9024437898722912,3
1019,12,1.160266421160078,1
9867,10,1.4022753442732017,1
1091,2,1.1957713857630414,2
1199,14,0.05476982210661685,2
9360,23,1.8683027564514103,1
399,5,0.6494822524321999,1
8384,25,1.8996362250259247,3
7180,2,1.0415849509907036,1
7678,6,1.4152778094320184,2
4795,23,0.7877465362047029,3
9193,1,0.9528457975535591,2
2909,24,0.3741375847983328,1
7110,6,1.5364355779545429,2
223,12,0.8664509971442034,2
4951,24,0.9103840024516108,3
1692,1,1.572092089070384,3
7718,20,1.7307673342020153,3
1615,13,0.9550241558970862,1
1904,2,1.3729314916072433,2
2330,8,1.4605550948946169,2
3280,14,0.1446830741960523,3
1286,12,1.2765925117152384,2
7466,9,1.5073718862706487,3
7272,14,1.6643837468663636,2
7986,13,0.0049916240765581765,1
9741,12,1.0888823421551486,1
6176,6,1.3195865353630325,3
1232,8,0.1841458303357162,2
9259,22,1.7426954805862642,1
8258,4,1.0268824378348456,3
9832,24,0.7787332896364338,3
8274,7,1.4191496540523634,2
7007,21,1.8398201720784957,1
2336,17,0.5968032621255357,3
8543,17,1.253437556162972,2
1588,23,1.2000469905749838,3
2847,15,1.6979617550913781,2
3171,21,1.4432431897005724,3
392,3,0.7825201555651806,1
5926,1,0.5164867533688624,3
1254,13,0.2884966408478238,1
5347,23,0.5299456880629858,2
3063,15,0.5830207519695816,1
7979,10,0.8511880010555137,3
5519,2,0.5475675965540847,2
3525,6,1.3715535968704984,1
2276,23,0.7345677924986753,2
148,5,0.1377514619330109,3
8514,1,0.8509742254773385,2
6484,23,0.1675365957195325,3
7714,3,1.5215790323007692,1
404,5,0.28237880691987405,2
42,11,0.15086422030230073,1
